#travis_secrets.yaml
#used to ensure hass can load configuration in Travis CI environment
http_password: 000000000000000000000
latitude_home: 00.00000
longitude_home: 00.00000
elevation_home: 00

#API Keys
openweather_key: 000000000000000000000
ecobee_key: 000000000000000000000

ifttt_key: 000000000000000000000
slack_key: 000000000000000000000
darksky_key: 000000000000000000000

emby_host: 127.0.0.1
emby_key: 000000000000000000000
sabnzbd_host: 127.0.0.1
sabnzbd_key: 000000000000000000000
sonarr_host: 127.0.0.1
sonarr_key: 000000000000000000000


#Google Push Notifications
gcm_api_key: 000000000000000000000
gcm_sender_id: 000000000000000000000

#mqtt information
mqtt_server: 127.0.0.1
mqtt_user: 000000000000000000000
mqtt_pass: 000000000000000000000

#smtp information
smtp_username: bob@microsoft.com
smtp_password: 000000000000000000000

#zone information
zone_school1_name: School
zone_school1_latitude: 00.00000
zone_school1_longitude: 00.00000

zone_work1_name: Work
zone_work1_latitude: 00.00000
zone_work1_longitude: 00.00000

zone_special1_name: Location 1
zone_special1_latitude: 00.00000
zone_special1_longitude: 00.00000

zone_special2_name: Location 2
zone_special2_latitude: 00.00000
zone_special2_longitude: 00.00000

zone_special3_name: Location 3
zone_special3_latitude: 00.00000
zone_special3_longitude: 00.00000

zone_special4_name: Location 4
zone_special4_latitude: 00.00000
zone_special4_longitude: 00.00000

media02_host: 127.0.0.1
media03_host: 127.0.0.1
nextpvr_host: 127.0.0.1

nest_product_id: 000000000000000000000
nest_product_secret: 0000000000000000000

zwave_network_key: "0x00, 0x00, 0x00, 0x00, 0x00, 0x00, 0x00, 0x00, 0x00, 0x00, 0x00, 0x00, 0x00, 0x00, 0x00, 0x00"

twilio_source_phone: +17125555555